{
 "cells": [
  {
   "cell_type": "code",
   "execution_count": 1,
   "id": "49737e9c",
   "metadata": {},
   "outputs": [],
   "source": [
    "import pickle\n",
    "import os\n",
    "\n",
    "path = os.path.split(os.path.abspath(os.getcwd()))[0]"
   ]
  },
  {
   "cell_type": "code",
   "execution_count": 2,
   "id": "45b3d3d8",
   "metadata": {},
   "outputs": [
    {
     "name": "stdout",
     "output_type": "stream",
     "text": [
      "1147168\n",
      "1000000.cif 1.1\n"
     ]
    }
   ],
   "source": [
    "file_get = open(path + \"/global_tolerance_dict.pkl\",'rb') \n",
    "global_tolerance_dict = pickle.load(file_get) \n",
    "file_get.close()\n",
    "\n",
    "print(len(global_tolerance_dict))\n",
    "corr = []\n",
    "for k,v in global_tolerance_dict.items():\n",
    "    print(k,v)\n",
    "    break"
   ]
  },
  {
   "cell_type": "code",
   "execution_count": 3,
   "id": "38151f4f",
   "metadata": {},
   "outputs": [
    {
     "name": "stdout",
     "output_type": "stream",
     "text": [
      "1147168\n",
      "10000.cif [[0.         3.6884782  3.6884782  3.32120423 3.31876778 3.31876778\n",
      "  3.32120423 2.89391167 2.89391167 2.93680986 2.93680986]\n",
      " [3.6884782  0.         3.48619549 2.9244006  2.9244006  3.00617854\n",
      "  3.01155529 2.94994124 2.94726974 3.46592119 2.93311455]\n",
      " [3.6884782  3.48619549 0.         3.01155529 3.00617854 2.9244006\n",
      "  2.9244006  2.94726974 2.94994124 2.93311455 3.46592119]\n",
      " [3.32120423 2.9244006  3.01155529 0.         2.48595515 4.41557982\n",
      "  3.08735068 2.4335375  3.95507146 2.48003785 2.53158566]\n",
      " [3.31876778 2.9244006  3.00617854 2.48595515 0.         3.09058631\n",
      "  4.41557982 3.96036834 2.43567712 2.48003785 2.54190309]\n",
      " [3.31876778 3.00617854 2.9244006  4.41557982 3.09058631 0.\n",
      "  2.48595515 2.43567712 3.96036834 2.54190309 2.48003785]\n",
      " [3.32120423 3.01155529 2.9244006  3.08735068 4.41557982 2.48595515\n",
      "  0.         3.95507146 2.4335375  2.53158566 2.48003785]\n",
      " [2.89391167 2.94994124 2.94726974 2.4335375  3.96036834 2.43567712\n",
      "  3.95507146 0.         2.42087779 4.03263402 4.03068018]\n",
      " [2.89391167 2.94726974 2.94994124 3.95507146 2.43567712 3.96036834\n",
      "  2.4335375  2.42087779 0.         4.03068018 4.03263402]\n",
      " [2.93680986 3.46592119 2.93311455 2.48003785 2.48003785 2.54190309\n",
      "  2.53158566 4.03263402 4.03068018 0.         3.94381797]\n",
      " [2.93680986 2.93311455 3.46592119 2.53158566 2.54190309 2.48003785\n",
      "  2.48003785 4.03068018 4.03263402 3.94381797 0.        ]]\n"
     ]
    }
   ],
   "source": [
    "file_get = open(path + \"/length_matrix_dict.pkl\",'rb') \n",
    "length_matrix_dict = pickle.load(file_get) \n",
    "file_get.close()\n",
    "\n",
    "print(len(length_matrix_dict))\n",
    "for k,v in length_matrix_dict.items():\n",
    "    print(k,v)\n",
    "    break"
   ]
  },
  {
   "cell_type": "code",
   "execution_count": 4,
   "id": "9e0c7503",
   "metadata": {},
   "outputs": [
    {
     "name": "stdout",
     "output_type": "stream",
     "text": [
      "10000.cif {('Si', 'Er'): [2.8939116748875113, 2.8939116748875113, 2.9368098628049117, 2.9368098628049117, 2.8939116748875113, 2.8939116748875113, 2.949941241180165, 2.949941241180165, 2.9472697353294968, 2.9472697353294968, 2.9331145465577038, 2.9331145465577038, 2.9472697353294968, 2.9472697353294968, 2.9499412411801647, 2.9499412411801647, 2.9331145465577046, 2.9331145465577046, 2.8939116748875113, 2.8939116748875113, 2.949941241180165, 2.949941241180165, 2.9472697353294968, 2.9472697353294968, 2.8939116748875113, 2.8939116748875113, 2.9472697353294968, 2.9472697353294968, 2.9499412411801647, 2.9499412411801647, 2.9368098628049117, 2.9331145465577046, 2.9331145465577046, 2.9368098628049117, 2.9331145465577038, 2.9331145465577038], ('Cu', 'Er'): [2.9244006037285613, 2.9244006037285613, 2.924400603734703, 2.924400603734703, 3.0061785358822712, 3.011555290736663, 3.011555290736664, 3.0061785358822712, 2.9244006037347026, 2.9244006037347026, 2.9244006037285617, 2.9244006037285617, 2.9244006037285613, 2.9244006037285613, 3.011555290736664, 2.924400603734703, 2.924400603734703, 3.0061785358822712, 3.0061785358822712, 2.9244006037347026, 2.9244006037347026, 3.011555290736663, 2.9244006037285617, 2.9244006037285617], ('Si', 'Cu'): [2.4800378457351284, 2.4800378457351284, 2.531585662082801, 2.433537504213003, 2.435677121237626, 2.480037845740259, 2.480037845740259, 2.541903094215162, 2.5419030942151615, 2.4800378457402603, 2.4800378457402603, 2.435677121237626, 2.4335375042130036, 2.531585662082802, 2.4800378457351284, 2.4800378457351284, 2.433537504213003, 2.435677121237626, 2.435677121237626, 2.4335375042130036, 2.4800378457351284, 2.4800378457351284, 2.480037845740259, 2.480037845740259, 2.5419030942151615, 2.531585662082802, 2.531585662082801, 2.541903094215162, 2.4800378457402603, 2.4800378457402603, 2.4800378457351284, 2.4800378457351284], ('Cu', 'Cu'): [2.485955152, 2.485955152, 2.485955152, 2.485955152], ('Si', 'Si'): [2.4208777920000006, 2.4208777920000006]}\n"
     ]
    }
   ],
   "source": [
    "file_get = open(path + \"/global.pkl\",'rb') \n",
    "Global = pickle.load(file_get) \n",
    "file_get.close()\n",
    "\n",
    "for k,v in Global.items():\n",
    "    print(k,v)\n",
    "    break"
   ]
  },
  {
   "cell_type": "code",
   "execution_count": 5,
   "id": "d510040a",
   "metadata": {},
   "outputs": [
    {
     "name": "stdout",
     "output_type": "stream",
     "text": [
      "[[0.783, 0, 2.779, 1.937, 1.296, 1.136, 1.069, 1.179, 1.189, 0, 2.963, 2.714, 1.925, 1.78, 1.55, 1.598, 1.596, 0, 3.659, 2.906, 2.563, 2.51, 2.597, 2.534, 2.447, 2.168, 1.932, 2.161, 2.284, 2.081, 2.146, 2.498, 2.536, 2.205, 2.257, 0, 3.595, 3.126, 2.797, 2.809, 2.388, 2.547, 2.137, 1.984, 2.266, 2.349, 2.714, 2.764, 2.908, 2.965, 2.761, 1.841, 2.448, 0, 3.876, 3.393, 2.979, 2.529, 2.507, 2.879, 2.946, 2.911, 2.894, 2.464, 2.406, 2.446, 2.857, 2.764, 2.263, 2.939, 2.618, 2.439, 2.392, 2.21, 2.058, 1.963, 1.938, 2.136, 1.987, 2.487, 2.943, 2.762, 2.837, 0, 0, 0, 0, 0, 2.915, 2.697, 2.715, 2.526, 2.637, 2.612, 0, 0, 0, 0, 0, 0, 0, 0, 0, 0, 0, 0, 0, 0, 0, 0, 0, 0, 0, 0, 0, 0, 0, 0], [0, 0, 0, 0, 0, 0, 0, 0, 0, 0, 0, 0, 0, 0, 0, 0, 0, 0, 0, 0, 0, 0, 0, 0, 0, 0, 0, 0, 0, 0, 0, 0, 0, 0, 0, 0, 0, 0, 0, 0, 0, 0, 0, 0, 0, 0, 0, 0, 0, 0, 0, 0, 0, 0, 0, 0, 0, 0, 0, 0, 0, 0, 0, 0, 0, 0, 0, 0, 0, 0, 0, 0, 0, 0, 0, 0, 0, 0, 0, 0, 0, 0, 0, 0, 0, 0, 0, 0, 0, 0, 0, 0, 0, 0, 0, 0, 0, 0, 0, 0, 0, 0, 0, 0, 0, 0, 0, 0, 0, 0, 0, 0, 0, 0, 0, 0, 0, 0], [2.779, 0, 3.829, 3.267, 3.099, 2.764, 2.56, 2.683, 2.709, 0, 3.81, 3.381, 3.33, 3.272, 3.205, 3.133, 3.169, 0, 4.499, 4.007, 3.42, 3.367, 3.375, 3.447, 3.413, 3.246, 3.226, 3.192, 3.323, 3.497, 3.286, 3.552, 3.291, 3.449, 3.038, 0, 4.775, 4.295, 3.75, 3.492, 3.34, 3.26, 3.228, 3.239, 3.155, 3.243, 3.37, 3.385, 3.523, 3.47, 3.927, 3.688, 3.17, 0, 4.616, 4.646, 3.76, 3.82, 3.882, 3.789, 3.9, 3.951, 4.195, 3.88, 3.944, 3.998, 3.881, 3.813, 3.922, 3.976, 3.824, 3.491, 3.317, 3.366, 3.166, 3.164, 3.156, 3.238, 3.372, 3.483, 3.628, 3.663, 3.65, 0, 0, 0, 0, 0, 4.159, 3.684, 3.614, 3.608, 3.558, 3.572, 0, 0, 0, 0, 0, 0, 0, 0, 0, 0, 0, 0, 0, 0, 0, 0, 0, 0, 0, 0, 0, 0, 0, 0], [1.937, 0, 3.267, 3.07, 2.916, 2.09, 2.003, 2.194, 2.096, 0, 3.654, 3.277, 3.165, 3.103, 2.444, 2.592, 2.096, 0, 4.118, 3.736, 3.297, 3.17, 3.16, 3.191, 3.12, 3.015, 3.045, 3.165, 3.125, 3.231, 3.169, 3.117, 3.204, 3.07, 3.53, 0, 4.231, 3.901, 3.535, 3.288, 3.212, 3.135, 3.092, 3.117, 3.115, 3.215, 3.221, 3.512, 3.324, 3.35, 3.437, 3.506, 2.899, 0, 4.479, 4.102, 3.775, 3.7, 3.669, 3.592, 3.652, 3.592, 3.744, 3.43, 3.589, 3.535, 3.522, 3.505, 3.467, 3.669, 3.714, 3.281, 3.14, 3.035, 3.06, 3.119, 3.168, 3.245, 3.218, 3.4, 3.5, 3.541, 3.472, 0, 0, 0, 0, 0, 3.882, 3.556, 3.463, 3.342, 3.322, 3.388, 0, 0, 0, 0, 0, 0, 0, 0, 0, 0, 0, 0, 0, 0, 0, 0, 0, 0, 0, 0, 0, 0, 0, 0], [1.296, 0, 3.099, 2.916, 2.027, 1.736, 1.981, 1.669, 1.474, 0, 3.417, 3.129, 3.103, 3.082, 2.414, 2.032, 1.972, 0, 3.702, 3.652, 3.035, 3.102, 2.902, 2.956, 2.969, 2.981, 2.894, 2.8, 3.012, 3.17, 3.118, 3.104, 3.025, 2.167, 3.398, 0, 3.766, 3.495, 3.494, 3.14, 2.943, 2.843, 3.057, 2.797, 2.948, 3.018, 3.134, 3.217, 3.551, 3.616, 3.402, 3.424, 2.207, 0, 3.886, 3.667, 3.386, 3.425, 3.373, 3.368, 3.231, 3.512, 3.432, 3.294, 3.385, 3.322, 3.388, 3.402, 3.084, 3.426, 3.301, 3.116, 3.098, 2.842, 2.901, 2.945, 2.935, 3.039, 3.199, 3.22, 3.531, 3.6, 3.491, 0, 0, 0, 0, 0, 3.385, 3.457, 3.353, 3.177, 3.325, 3.226, 0, 0, 0, 0, 0, 0, 0, 0, 0, 0, 0, 0, 0, 0, 0, 0, 0, 0, 0, 0, 0, 0, 0, 0], [1.136, 0, 2.764, 2.09, 1.736, 1.624, 1.827, 1.38, 1.405, 0, 3.243, 2.7, 2.416, 1.943, 2.106, 1.998, 1.819, 0, 3.912, 3.145, 3.064, 2.406, 2.264, 2.338, 2.332, 2.26, 2.198, 2.443, 2.474, 2.891, 2.678, 3.289, 2.72, 2.027, 2.0, 0, 4.244, 3.49, 3.108, 2.588, 2.341, 2.358, 2.576, 2.413, 2.588, 2.616, 2.684, 3.22, 2.996, 2.928, 3.08, 3.204, 3.252, 0, 4.695, 3.755, 3.182, 3.173, 3.121, 3.134, 2.922, 2.981, 3.362, 2.809, 2.782, 2.868, 2.906, 2.904, 2.711, 3.034, 2.699, 2.428, 2.289, 2.285, 2.096, 2.233, 2.612, 2.579, 2.098, 2.527, 3.591, 2.751, 3.115, 0, 0, 0, 0, 0, 3.851, 3.107, 2.956, 2.761, 2.91, 2.986, 0, 0, 0, 0, 0, 0, 0, 0, 0, 0, 0, 0, 0, 0, 0, 0, 0, 0, 0, 0, 0, 0, 0, 0], [1.069, 0, 2.56, 2.003, 1.981, 1.827, 1.689, 1.344, 2.261, 0, 3.209, 2.489, 2.293, 1.862, 1.822, 1.793, 2.865, 0, 3.728, 3.054, 2.669, 2.401, 2.398, 2.562, 2.557, 2.624, 2.305, 2.451, 2.492, 2.445, 2.465, 2.508, 2.259, 1.912, 2.966, 0, 3.947, 3.277, 2.944, 2.714, 2.516, 2.591, 2.484, 2.45, 2.409, 2.828, 2.806, 2.691, 2.758, 2.526, 2.413, 2.754, 2.441, 2.728, 4.495, 3.922, 3.155, 3.061, 3.034, 3.076, 2.837, 3.013, 2.969, 2.984, 2.701, 2.922, 2.687, 2.663, 2.687, 2.837, 2.594, 2.569, 2.498, 2.524, 2.183, 2.388, 2.385, 2.448, 2.68, 2.891, 3.555, 3.35, 3.087, 0, 0, 0, 0, 0, 3.15, 2.805, 3.084, 3.298, 3.091, 3.06, 0, 0, 0, 0, 0, 0, 0, 0, 0, 0, 0, 0, 0, 0, 0, 0, 0, 0, 0, 0, 0, 0, 0, 0], [1.179, 0, 2.683, 2.194, 1.669, 1.38, 1.344, 1.891, 1.979, 0, 3.31, 2.53, 2.128, 2.228, 1.765, 1.582, 1.618, 0, 3.774, 3.231, 2.548, 2.395, 2.388, 2.575, 2.65, 2.53, 2.452, 2.315, 2.481, 2.409, 2.198, 2.287, 2.116, 2.154, 2.185, 0, 3.979, 3.328, 2.779, 2.552, 2.514, 2.539, 2.476, 2.395, 2.9, 2.696, 3.039, 3.124, 2.733, 2.79, 2.767, 2.684, 2.036, 2.631, 4.326, 3.765, 3.176, 3.188, 3.009, 3.455, 3.026, 3.416, 3.32, 2.975, 2.725, 2.809, 2.897, 2.768, 2.776, 3.034, 2.696, 2.513, 2.505, 2.577, 2.582, 2.553, 2.654, 2.596, 2.66, 3.192, 3.606, 3.358, 3.173, 0, 0, 0, 0, 0, 3.443, 3.002, 2.694, 2.824, 3.252, 2.927, 0, 0, 0, 0, 0, 0, 0, 0, 0, 0, 0, 0, 0, 0, 0, 0, 0, 0, 0, 0, 0, 0, 0, 0], [1.189, 0, 2.709, 2.096, 1.474, 1.405, 2.261, 1.979, 1.961, 0, 3.716, 2.449, 1.991, 1.765, 1.698, 2.073, 2.051, 0, 3.758, 2.619, 2.104, 2.253, 2.466, 2.338, 2.414, 2.407, 2.434, 2.345, 2.602, 2.564, 2.425, 2.623, 1.879, 2.198, 2.883, 2.214, 3.689, 3.307, 2.65, 2.421, 2.434, 2.388, 2.498, 2.269, 2.269, 2.508, 3.224, 2.68, 3.473, 2.768, 2.484, 2.216, 2.334, 2.278, 4.197, 3.339, 2.881, 2.906, 2.903, 2.843, 3.5, 2.858, 3.113, 2.788, 2.677, 2.717, 2.7, 2.661, 2.622, 2.489, 2.612, 2.411, 2.297, 2.441, 2.285, 2.318, 2.163, 2.496, 2.593, 2.985, 3.387, 2.932, 3.001, 0, 0, 0, 0, 0, 3.321, 2.958, 2.617, 2.879, 2.99, 2.959, 0, 0, 0, 0, 0, 0, 0, 0, 0, 0, 0, 0, 0, 0, 0, 0, 0, 0, 0, 0, 0, 0, 0, 0], [0, 0, 0, 0, 0, 0, 0, 0, 0, 0, 0, 0, 0, 0, 0, 0, 0, 0, 0, 0, 0, 0, 0, 0, 0, 0, 0, 0, 0, 0, 0, 0, 0, 0, 0, 0, 0, 0, 0, 0, 0, 0, 0, 0, 0, 0, 0, 0, 0, 0, 0, 0, 0, 0, 0, 0, 0, 0, 0, 0, 0, 0, 0, 0, 0, 0, 0, 0, 0, 0, 0, 0, 0, 0, 0, 0, 0, 0, 0, 0, 0, 0, 0, 0, 0, 0, 0, 0, 0, 0, 0, 0, 0, 0, 0, 0, 0, 0, 0, 0, 0, 0, 0, 0, 0, 0, 0, 0, 0, 0, 0, 0, 0, 0, 0, 0, 0, 0], [2.963, 0, 3.81, 3.654, 3.417, 3.243, 3.209, 3.31, 3.716, 0, 4.224, 3.709, 3.924, 3.8, 3.689, 3.9, 4.174, 0, 4.822, 3.998, 3.82, 3.796, 3.768, 3.748, 3.697, 3.648, 3.533, 3.528, 3.828, 3.678, 3.857, 3.784, 3.754, 3.831, 4.377, 0, 4.664, 4.381, 3.996, 3.784, 3.686, 3.715, 3.485, 3.393, 3.417, 3.579, 3.852, 3.986, 3.873, 3.98, 4.043, 3.968, 3.805, 3.173, 4.911, 4.665, 4.074, 4.146, 4.162, 4.19, 4.187, 4.089, 4.236, 4.329, 4.055, 4.0, 4.06, 4.0, 4.056, 4.358, 4.044, 3.804, 3.75, 3.614, 3.611, 3.5, 3.542, 3.467, 3.704, 3.73, 4.262, 3.85, 4.048, 0, 0, 0, 0, 0, 4.336, 4.147, 3.813, 3.819, 3.834, 3.918, 0, 0, 0, 0, 0, 0, 0, 0, 0, 0, 0, 0, 0, 0, 0, 0, 0, 0, 0, 0, 0, 0, 0, 0], [2.714, 0, 3.381, 3.277, 3.129, 2.7, 2.489, 2.53, 2.449, 0, 3.709, 3.894, 3.345, 3.288, 3.193, 2.983, 3.935, 0, 4.716, 4.318, 3.42, 3.372, 3.332, 3.327, 3.429, 3.452, 3.267, 3.345, 3.325, 3.541, 3.462, 3.473, 3.376, 3.265, 4.023, 0, 4.596, 4.283, 3.788, 3.409, 3.317, 3.373, 3.279, 3.234, 3.262, 3.451, 3.45, 3.441, 3.468, 3.582, 3.612, 3.604, 4.439, 0, 4.856, 4.419, 3.928, 4.019, 4.143, 3.911, 3.806, 3.823, 4.18, 3.798, 3.959, 3.87, 3.749, 3.79, 3.874, 4.162, 3.664, 3.361, 3.321, 3.292, 3.24, 3.286, 3.277, 3.373, 3.271, 3.461, 3.551, 3.595, 3.694, 0, 0, 0, 0, 0, 4.058, 3.882, 3.576, 3.576, 3.538, 3.634, 0, 0, 0, 0, 0, 0, 0, 0, 0, 0, 0, 0, 0, 0, 0, 0, 0, 0, 0, 0, 0, 0, 0, 0], [1.925, 0, 3.33, 3.165, 3.103, 2.416, 2.293, 2.128, 1.991, 0, 3.924, 3.345, 3.468, 3.373, 2.802, 2.571, 2.418, 0, 4.08, 3.918, 3.487, 3.397, 3.199, 3.339, 3.042, 3.046, 3.15, 3.115, 2.946, 3.056, 3.341, 3.307, 3.831, 3.0, 2.598, 0, 4.134, 3.971, 3.587, 3.506, 3.168, 3.237, 3.143, 3.278, 3.162, 3.103, 3.384, 3.36, 3.623, 3.606, 3.576, 3.553, 2.843, 0, 4.392, 3.918, 3.751, 3.801, 4.169, 3.734, 3.774, 3.703, 3.853, 3.794, 3.605, 3.666, 3.712, 3.675, 3.634, 3.728, 3.666, 3.323, 3.414, 3.443, 3.194, 2.997, 3.236, 3.05, 3.184, 3.391, 3.719, 3.718, 3.785, 0, 0, 0, 0, 0, 3.837, 3.609, 3.473, 3.65, 3.427, 3.422, 0, 0, 0, 0, 0, 0, 0, 0, 0, 0, 0, 0, 0, 0, 0, 0, 0, 0, 0, 0, 0, 0, 0, 0], [1.78, 0, 3.272, 3.103, 3.082, 1.943, 1.862, 2.228, 1.765, 0, 3.8, 3.288, 3.373, 2.86, 2.557, 2.261, 2.286, 0, 4.164, 3.664, 3.361, 3.135, 2.991, 3.132, 3.138, 3.016, 3.075, 2.962, 3.176, 3.16, 3.36, 2.878, 3.573, 2.544, 3.038, 0, 4.148, 3.925, 3.468, 3.212, 3.007, 3.107, 3.018, 2.98, 2.896, 3.135, 3.182, 3.438, 3.497, 3.599, 3.659, 3.539, 2.489, 0, 4.456, 4.007, 3.589, 3.506, 3.532, 3.477, 3.554, 3.497, 3.585, 3.451, 3.467, 3.471, 3.452, 3.431, 3.401, 3.535, 3.413, 3.222, 3.105, 3.093, 3.041, 2.967, 3.133, 3.077, 3.323, 3.436, 3.638, 3.684, 3.553, 0, 0, 0, 0, 0, 3.834, 3.488, 3.503, 3.348, 3.471, 3.371, 0, 0, 0, 0, 0, 0, 0, 0, 0, 0, 0, 0, 0, 0, 0, 0, 0, 0, 0, 0, 0, 0, 0, 0], [1.55, 0, 3.205, 2.444, 2.414, 2.106, 1.822, 1.765, 1.698, 0, 3.689, 3.193, 2.802, 2.557, 3.108, 2.265, 2.234, 0, 4.13, 3.495, 3.145, 2.916, 2.79, 2.875, 3.017, 2.86, 2.893, 2.574, 2.642, 2.866, 2.672, 2.688, 3.784, 2.49, 2.393, 0, 4.254, 3.813, 3.49, 3.228, 2.983, 3.141, 3.23, 2.828, 2.91, 2.808, 3.123, 3.478, 3.269, 3.62, 3.588, 3.689, 3.507, 0, 4.617, 3.978, 3.362, 3.419, 3.319, 3.349, 3.659, 3.465, 3.527, 3.457, 3.334, 3.398, 3.27, 3.385, 3.86, 3.379, 3.157, 3.116, 3.066, 2.934, 3.136, 2.701, 2.739, 2.752, 3.456, 3.015, 4.043, 3.769, 3.635, 0, 0, 0, 0, 0, 3.446, 3.476, 3.563, 3.598, 3.658, 3.249, 0, 0, 0, 0, 0, 0, 0, 0, 0, 0, 0, 0, 0, 0, 0, 0, 0, 0, 0, 0, 0, 0, 0, 0], [1.598, 0, 3.133, 2.592, 2.032, 1.998, 1.793, 1.582, 2.073, 0, 3.9, 2.983, 2.571, 2.261, 2.265, 3.51, 3.408, 0, 4.238, 3.486, 2.856, 2.818, 2.79, 2.893, 2.946, 2.881, 2.768, 2.856, 2.643, 2.578, 2.452, 2.879, 2.575, 3.177, 2.675, 0, 4.41, 3.66, 3.162, 2.967, 2.989, 2.731, 2.743, 2.826, 2.76, 2.915, 3.173, 3.109, 3.752, 3.378, 3.166, 3.204, 4.001, 0, 4.443, 3.909, 3.416, 3.314, 3.408, 3.331, 3.345, 3.304, 3.418, 3.32, 3.218, 3.183, 3.177, 3.144, 3.098, 3.417, 2.959, 2.767, 3.029, 2.795, 2.653, 2.811, 2.565, 2.734, 3.309, 3.172, 3.973, 3.791, 3.518, 0, 0, 0, 0, 0, 3.764, 3.32, 3.243, 3.227, 3.156, 3.339, 0, 0, 0, 0, 0, 0, 0, 0, 0, 0, 0, 0, 0, 0, 0, 0, 0, 0, 0, 0, 0, 0, 0, 0], [1.596, 0, 3.169, 2.096, 1.972, 1.819, 2.865, 1.618, 2.051, 0, 4.174, 3.935, 2.418, 2.286, 2.234, 3.408, 3.736, 0, 4.412, 3.496, 2.831, 2.787, 2.684, 2.767, 2.99, 2.73, 2.518, 2.836, 2.773, 2.583, 2.517, 3.107, 2.593, 3.408, 3.514, 0, 4.376, 3.61, 3.0, 2.887, 3.072, 2.646, 2.904, 2.699, 2.61, 2.823, 3.536, 3.214, 4.315, 3.314, 2.736, 3.846, 4.238, 0, 4.473, 4.057, 3.522, 3.601, 3.56, 3.496, 3.666, 3.473, 3.348, 3.136, 3.02, 3.334, 2.904, 2.924, 3.082, 3.195, 3.0, 2.588, 2.933, 2.703, 2.675, 2.61, 2.518, 2.719, 3.159, 3.692, 3.908, 3.898, 3.882, 0, 0, 0, 0, 0, 3.373, 2.952, 3.315, 3.266, 3.016, 3.246, 0, 0, 0, 0, 0, 0, 0, 0, 0, 0, 0, 0, 0, 0, 0, 0, 0, 0, 0, 0, 0, 0, 0, 0], [0, 0, 0, 0, 0, 0, 0, 0, 0, 0, 0, 0, 0, 0, 0, 0, 0, 0, 0, 0, 0, 0, 0, 0, 0, 0, 0, 0, 0, 0, 0, 0, 0, 0, 0, 0, 0, 0, 0, 0, 0, 0, 0, 0, 0, 0, 0, 0, 0, 0, 0, 0, 0, 0, 0, 0, 0, 0, 0, 0, 0, 0, 0, 0, 0, 0, 0, 0, 0, 0, 0, 0, 0, 0, 0, 0, 0, 0, 0, 0, 0, 0, 0, 0, 0, 0, 0, 0, 0, 0, 0, 0, 0, 0, 0, 0, 0, 0, 0, 0, 0, 0, 0, 0, 0, 0, 0, 0, 0, 0, 0, 0, 0, 0, 0, 0, 0, 0], [3.659, 0, 4.499, 4.118, 3.702, 3.912, 3.728, 3.774, 3.758, 0, 4.822, 4.716, 4.08, 4.164, 4.13, 4.238, 4.412, 0, 5.774, 4.853, 4.429, 4.468, 4.313, 4.026, 4.311, 4.21, 3.951, 4.142, 4.103, 4.377, 4.157, 4.499, 4.329, 4.158, 4.503, 0, 5.958, 5.274, 4.656, 4.462, 4.476, 4.306, 4.15, 4.096, 3.936, 4.132, 4.268, 4.316, 4.951, 4.517, 4.611, 4.578, 4.894, 0, 6.22, 5.555, 4.503, 4.679, 4.503, 4.623, 4.404, 4.452, 4.802, 4.536, 4.611, 4.431, 4.397, 4.393, 4.518, 4.699, 4.486, 4.2, 4.365, 4.034, 4.134, 3.849, 3.748, 3.78, 4.147, 4.476, 4.613, 4.282, 4.355, 0, 0, 0, 0, 0, 4.666, 4.24, 4.471, 4.499, 4.423, 4.372, 0, 0, 0, 0, 0, 0, 0, 0, 0, 0, 0, 0, 0, 0, 0, 0, 0, 0, 0, 0, 0, 0, 0, 0], [2.906, 0, 4.007, 3.736, 3.652, 3.145, 3.054, 3.231, 2.619, 0, 3.998, 4.318, 3.918, 3.664, 3.495, 3.486, 3.496, 0, 4.853, 4.616, 4.169, 3.961, 3.796, 3.755, 3.851, 3.59, 3.568, 3.687, 3.969, 3.797, 3.758, 3.729, 3.557, 3.518, 4.015, 0, 4.888, 4.524, 4.324, 4.118, 4.005, 3.77, 3.57, 3.611, 3.677, 3.683, 3.921, 3.972, 3.986, 3.96, 3.932, 3.889, 3.647, 0, 4.922, 5.14, 4.313, 4.263, 4.228, 4.266, 4.367, 4.265, 4.491, 4.219, 4.186, 4.158, 4.242, 4.128, 4.292, 4.432, 4.085, 4.055, 4.048, 3.912, 3.541, 3.626, 3.676, 3.687, 3.831, 3.743, 3.902, 4.013, 3.845, 0, 0, 0, 0, 0, 4.154, 4.113, 4.009, 4.001, 4.084, 4.146, 0, 0, 0, 0, 0, 0, 0, 0, 0, 0, 0, 0, 0, 0, 0, 0, 0, 0, 0, 0, 0, 0, 0, 0], [2.563, 0, 3.42, 3.297, 3.035, 3.064, 2.669, 2.548, 2.104, 0, 3.82, 3.42, 3.487, 3.361, 3.145, 2.856, 2.831, 0, 4.429, 4.169, 3.817, 3.439, 3.528, 3.351, 3.352, 3.2, 3.191, 3.275, 3.2, 3.372, 3.38, 3.331, 3.414, 2.976, 2.997, 0, 4.593, 4.034, 3.772, 3.537, 3.403, 3.459, 3.137, 3.456, 3.22, 3.33, 3.314, 3.642, 3.57, 3.451, 3.511, 3.571, 3.083, 0, 4.23, 4.212, 3.92, 4.017, 4.098, 4.057, 3.969, 3.876, 4.406, 3.782, 3.992, 3.736, 3.843, 3.802, 3.847, 4.288, 3.601, 3.428, 3.422, 3.329, 3.297, 3.316, 3.447, 3.266, 3.4, 3.572, 3.6, 3.618, 3.579, 0, 0, 0, 0, 0, 4.056, 3.886, 3.607, 3.578, 3.654, 3.783, 0, 0, 0, 0, 0, 0, 0, 0, 0, 0, 0, 0, 0, 0, 0, 0, 0, 0, 0, 0, 0, 0, 0, 0], [2.51, 0, 3.367, 3.17, 3.102, 2.406, 2.401, 2.395, 2.253, 0, 3.796, 3.372, 3.397, 3.135, 2.916, 2.818, 2.787, 0, 4.468, 3.961, 3.439, 3.66, 3.433, 3.297, 3.195, 3.144, 3.199, 3.285, 3.108, 3.217, 3.152, 3.166, 3.214, 3.143, 2.853, 0, 4.514, 4.21, 3.686, 3.538, 3.398, 3.317, 2.961, 3.181, 3.178, 3.168, 3.261, 3.4, 3.383, 3.276, 3.279, 3.402, 3.18, 0, 4.554, 4.197, 3.817, 3.778, 3.698, 3.778, 3.642, 3.735, 4.06, 3.729, 3.592, 3.647, 3.757, 3.666, 3.623, 3.991, 3.674, 3.491, 3.355, 3.273, 3.179, 3.094, 3.2, 3.198, 3.228, 3.385, 3.53, 3.481, 3.669, 0, 0, 0, 0, 0, 4.024, 3.767, 3.477, 3.476, 3.456, 3.538, 0, 0, 0, 0, 0, 0, 0, 0, 0, 0, 0, 0, 0, 0, 0, 0, 0, 0, 0, 0, 0, 0, 0, 0], [2.597, 0, 3.375, 3.16, 2.902, 2.264, 2.398, 2.388, 2.466, 0, 3.768, 3.332, 3.199, 2.991, 2.79, 2.79, 2.684, 0, 4.313, 3.796, 3.528, 3.433, 3.417, 2.997, 3.088, 3.107, 3.235, 3.218, 3.11, 3.166, 3.073, 3.281, 3.246, 3.039, 2.709, 0, 4.536, 4.023, 3.632, 3.43, 3.264, 3.121, 3.085, 3.299, 3.098, 3.11, 3.62, 3.299, 3.431, 3.376, 3.305, 3.574, 3.072, 0, 4.222, 4.273, 3.702, 3.799, 3.645, 3.749, 3.687, 3.709, 3.803, 3.665, 3.605, 3.601, 3.595, 3.64, 3.632, 3.88, 3.63, 3.499, 3.533, 3.395, 3.22, 3.042, 3.02, 3.234, 3.224, 3.422, 3.606, 3.498, 3.499, 0, 0, 0, 0, 0, 3.92, 3.649, 3.555, 3.502, 3.416, 3.367, 0, 0, 0, 0, 0, 0, 0, 0, 0, 0, 0, 0, 0, 0, 0, 0, 0, 0, 0, 0, 0, 0, 0, 0], [2.534, 0, 3.447, 3.191, 2.956, 2.338, 2.562, 2.575, 2.338, 0, 3.748, 3.327, 3.339, 3.132, 2.875, 2.893, 2.767, 0, 4.026, 3.755, 3.351, 3.297, 2.997, 3.308, 3.133, 3.147, 3.131, 3.219, 3.181, 3.353, 3.284, 3.234, 3.314, 2.913, 3.064, 0, 4.217, 4.013, 3.566, 3.407, 3.209, 3.167, 3.1, 3.298, 3.201, 3.225, 3.263, 3.347, 3.371, 3.542, 3.411, 3.414, 3.167, 0, 4.357, 4.21, 3.8, 3.68, 3.793, 3.674, 3.6, 3.678, 3.668, 3.659, 3.713, 3.621, 3.637, 3.549, 3.575, 3.923, 3.929, 3.35, 3.421, 3.407, 3.209, 3.106, 3.185, 3.191, 3.533, 3.35, 3.46, 3.407, 3.665, 0, 0, 0, 0, 0, 4.126, 3.726, 3.521, 3.487, 3.543, 3.304, 0, 0, 0, 0, 0, 0, 0, 0, 0, 0, 0, 0, 0, 0, 0, 0, 0, 0, 0, 0, 0, 0, 0, 0], [2.447, 0, 3.413, 3.12, 2.969, 2.332, 2.557, 2.65, 2.414, 0, 3.697, 3.429, 3.042, 3.138, 3.017, 2.946, 2.99, 0, 4.311, 3.851, 3.352, 3.195, 3.088, 3.133, 3.416, 3.144, 3.125, 3.113, 3.149, 3.425, 3.178, 3.225, 3.301, 3.09, 3.014, 0, 4.163, 3.992, 3.463, 3.374, 3.097, 3.145, 3.145, 3.153, 3.11, 3.165, 3.27, 3.317, 3.914, 3.335, 3.482, 3.419, 3.242, 0, 4.569, 4.195, 3.7, 3.677, 3.578, 3.996, 3.537, 3.589, 3.986, 3.563, 3.535, 3.56, 3.516, 3.539, 3.431, 3.632, 3.494, 3.313, 3.19, 3.143, 3.115, 3.156, 3.19, 3.436, 3.254, 3.605, 3.394, 3.496, 3.615, 0, 0, 0, 0, 0, 3.867, 3.614, 3.499, 3.5, 3.484, 3.265, 0, 0, 0, 0, 0, 0, 0, 0, 0, 0, 0, 0, 0, 0, 0, 0, 0, 0, 0, 0, 0, 0, 0, 0], [2.168, 0, 3.246, 3.015, 2.981, 2.26, 2.624, 2.53, 2.407, 0, 3.648, 3.452, 3.046, 3.016, 2.86, 2.881, 2.73, 0, 4.21, 3.59, 3.2, 3.144, 3.107, 3.147, 3.144, 3.063, 3.089, 3.069, 3.089, 3.075, 3.104, 3.084, 3.144, 2.927, 2.761, 0, 4.332, 3.906, 3.495, 3.339, 3.248, 3.18, 3.126, 3.106, 3.097, 3.117, 3.207, 3.359, 3.2, 3.19, 3.19, 3.497, 2.98, 0, 4.487, 4.062, 3.754, 3.667, 3.692, 3.68, 3.566, 3.589, 3.617, 3.486, 3.521, 3.506, 3.492, 3.442, 3.434, 3.782, 3.306, 3.243, 3.18, 3.176, 3.107, 3.103, 3.124, 3.114, 3.195, 3.277, 3.52, 3.611, 3.53, 0, 0, 0, 0, 0, 3.787, 3.609, 3.431, 3.347, 3.271, 3.232, 0, 0, 0, 0, 0, 0, 0, 0, 0, 0, 0, 0, 0, 0, 0, 0, 0, 0, 0, 0, 0, 0, 0, 0], [1.932, 0, 3.226, 3.045, 2.894, 2.198, 2.305, 2.452, 2.434, 0, 3.533, 3.267, 3.15, 3.075, 2.893, 2.768, 2.518, 0, 3.951, 3.568, 3.191, 3.199, 3.235, 3.131, 3.125, 3.089, 3.219, 3.082, 3.082, 3.077, 2.96, 3.133, 3.143, 2.778, 2.687, 0, 4.134, 3.943, 3.595, 3.243, 3.184, 3.1, 3.11, 3.227, 3.092, 3.128, 3.434, 3.33, 3.142, 3.101, 3.25, 3.401, 3.118, 0, 4.475, 4.225, 3.606, 3.631, 3.599, 3.711, 3.582, 3.567, 3.736, 3.52, 3.613, 3.576, 3.532, 3.522, 3.453, 3.512, 3.383, 3.182, 3.29, 3.424, 3.203, 3.077, 3.094, 3.101, 3.319, 3.227, 3.469, 3.4, 3.548, 0, 0, 0, 0, 0, 3.909, 3.68, 3.421, 3.317, 3.253, 3.271, 0, 0, 0, 0, 0, 0, 0, 0, 0, 0, 0, 0, 0, 0, 0, 0, 0, 0, 0, 0, 0, 0, 0, 0], [2.161, 0, 3.192, 3.165, 2.8, 2.443, 2.451, 2.315, 2.345, 0, 3.528, 3.345, 3.115, 2.962, 2.574, 2.856, 2.836, 0, 4.142, 3.687, 3.275, 3.285, 3.218, 3.219, 3.113, 3.069, 3.082, 3.158, 3.104, 3.101, 3.082, 3.094, 3.174, 2.981, 2.942, 0, 4.182, 3.933, 3.555, 3.345, 3.225, 3.13, 3.103, 3.225, 3.015, 3.087, 3.171, 3.345, 3.303, 3.09, 3.294, 3.23, 3.057, 0, 4.364, 4.093, 3.789, 3.707, 3.662, 3.685, 3.467, 3.58, 3.854, 3.619, 3.619, 3.493, 3.472, 3.532, 3.479, 3.682, 3.504, 3.302, 3.315, 3.187, 3.178, 3.096, 3.122, 3.17, 3.249, 3.322, 3.349, 3.548, 3.391, 0, 0, 0, 0, 0, 3.83, 3.566, 3.32, 3.504, 3.455, 3.319, 0, 0, 0, 0, 0, 0, 0, 0, 0, 0, 0, 0, 0, 0, 0, 0, 0, 0, 0, 0, 0, 0, 0, 0], [2.284, 0, 3.323, 3.125, 3.012, 2.474, 2.492, 2.481, 2.602, 0, 3.828, 3.325, 2.946, 3.176, 2.642, 2.643, 2.773, 0, 4.103, 3.969, 3.2, 3.108, 3.11, 3.181, 3.149, 3.089, 3.082, 3.104, 3.202, 3.114, 3.14, 3.193, 3.248, 2.716, 2.869, 0, 4.287, 3.912, 3.605, 3.313, 3.237, 3.186, 3.159, 3.156, 3.128, 3.195, 3.311, 3.158, 3.281, 3.202, 3.367, 2.984, 3.187, 0, 4.56, 4.118, 3.769, 3.857, 3.658, 3.629, 3.583, 3.555, 3.946, 3.462, 3.593, 3.454, 3.445, 3.404, 3.74, 3.862, 3.376, 3.186, 3.231, 3.178, 3.145, 3.169, 3.251, 3.171, 3.224, 3.34, 3.383, 3.574, 3.419, 0, 0, 0, 0, 0, 3.771, 3.593, 3.433, 3.392, 3.399, 3.393, 0, 0, 0, 0, 0, 0, 0, 0, 0, 0, 0, 0, 0, 0, 0, 0, 0, 0, 0, 0, 0, 0, 0, 0], [2.081, 0, 3.497, 3.231, 3.17, 2.891, 2.445, 2.409, 2.564, 0, 3.678, 3.541, 3.056, 3.16, 2.866, 2.578, 2.583, 0, 4.377, 3.797, 3.372, 3.217, 3.166, 3.353, 3.425, 3.075, 3.077, 3.101, 3.114, 3.386, 3.306, 3.277, 3.199, 2.778, 3.146, 0, 4.532, 3.947, 3.68, 3.418, 3.299, 3.156, 3.104, 3.073, 3.039, 3.074, 3.335, 3.391, 3.575, 3.448, 3.548, 3.547, 2.91, 0, 4.598, 4.158, 3.743, 3.714, 3.663, 3.708, 3.63, 3.644, 3.882, 3.596, 3.626, 3.592, 3.589, 3.555, 3.599, 3.751, 3.627, 3.447, 3.225, 3.174, 3.098, 3.079, 3.04, 3.112, 3.181, 3.456, 3.696, 3.622, 3.699, 0, 0, 0, 0, 0, 3.998, 3.689, 3.45, 3.456, 3.367, 3.478, 0, 0, 0, 0, 0, 0, 0, 0, 0, 0, 0, 0, 0, 0, 0, 0, 0, 0, 0, 0, 0, 0, 0, 0], [2.146, 0, 3.286, 3.169, 3.118, 2.678, 2.465, 2.198, 2.425, 0, 3.857, 3.462, 3.341, 3.36, 2.672, 2.452, 2.517, 0, 4.157, 3.758, 3.38, 3.152, 3.073, 3.284, 3.178, 3.104, 2.96, 3.082, 3.14, 3.306, 3.511, 3.258, 3.538, 3.037, 3.225, 0, 4.147, 3.961, 3.771, 3.342, 3.238, 3.137, 3.226, 2.972, 3.065, 3.197, 3.349, 3.469, 3.767, 3.695, 3.758, 3.515, 3.721, 0, 4.415, 4.003, 3.735, 3.752, 3.715, 3.684, 3.702, 3.781, 3.737, 3.515, 3.548, 3.555, 3.545, 3.542, 3.511, 3.902, 3.462, 3.321, 3.265, 3.194, 3.14, 2.986, 2.961, 3.192, 3.311, 3.573, 4.116, 3.929, 3.752, 0, 0, 0, 0, 0, 3.758, 3.606, 3.496, 3.407, 3.422, 3.466, 0, 0, 0, 0, 0, 0, 0, 0, 0, 0, 0, 0, 0, 0, 0, 0, 0, 0, 0, 0, 0, 0, 0, 0], [2.498, 0, 3.552, 3.117, 3.104, 3.289, 2.508, 2.287, 2.623, 0, 3.784, 3.473, 3.307, 2.878, 2.688, 2.879, 3.107, 0, 4.499, 3.729, 3.331, 3.166, 3.281, 3.234, 3.225, 3.084, 3.133, 3.094, 3.193, 3.277, 3.258, 3.585, 3.546, 3.327, 3.306, 0, 4.074, 3.939, 3.64, 3.289, 3.06, 3.208, 3.178, 3.013, 2.957, 3.25, 3.438, 3.341, 3.537, 3.642, 3.612, 3.89, 4.128, 0, 4.317, 4.096, 3.58, 3.651, 3.589, 3.685, 3.593, 3.626, 3.708, 3.508, 3.55, 3.514, 3.577, 3.565, 3.529, 3.717, 3.578, 3.35, 3.097, 3.099, 3.112, 3.157, 2.943, 3.144, 3.267, 3.622, 3.712, 3.678, 3.763, 0, 0, 0, 0, 0, 3.791, 3.705, 3.446, 3.367, 3.307, 3.434, 0, 0, 0, 0, 0, 0, 0, 0, 0, 0, 0, 0, 0, 0, 0, 0, 0, 0, 0, 0, 0, 0, 0, 0], [2.536, 0, 3.291, 3.204, 3.025, 2.72, 2.259, 2.116, 1.879, 0, 3.754, 3.376, 3.831, 3.573, 3.784, 2.575, 2.593, 0, 4.329, 3.557, 3.414, 3.214, 3.246, 3.314, 3.301, 3.144, 3.143, 3.174, 3.248, 3.199, 3.538, 3.546, 3.602, 3.385, 2.758, 0, 4.538, 3.718, 3.619, 3.326, 3.246, 3.212, 3.1, 3.207, 3.101, 3.196, 3.299, 3.51, 3.677, 3.703, 3.791, 3.717, 4.181, 0, 4.868, 4.042, 3.645, 3.735, 3.791, 3.734, 3.803, 3.747, 3.595, 3.753, 3.676, 3.667, 3.681, 3.721, 3.588, 3.506, 3.624, 3.381, 3.207, 3.141, 3.159, 3.144, 3.195, 3.256, 3.449, 3.494, 4.107, 3.693, 3.698, 0, 0, 0, 0, 0, 4.05, 3.516, 3.562, 3.384, 3.757, 3.573, 0, 0, 0, 0, 0, 0, 0, 0, 0, 0, 0, 0, 0, 0, 0, 0, 0, 0, 0, 0, 0, 0, 0, 0], [2.205, 0, 3.449, 3.07, 2.167, 2.027, 1.912, 2.154, 2.198, 0, 3.831, 3.265, 3.0, 2.544, 2.49, 3.177, 3.408, 0, 4.158, 3.518, 2.976, 3.143, 3.039, 2.913, 3.09, 2.927, 2.778, 2.981, 2.716, 2.778, 3.037, 3.327, 3.385, 3.989, 3.564, 0, 4.313, 3.575, 3.16, 3.094, 3.091, 2.884, 2.887, 2.971, 2.792, 2.814, 3.164, 3.259, 3.451, 3.431, 3.379, 3.425, 3.991, 0, 4.563, 4.12, 3.626, 3.358, 3.518, 3.508, 3.5, 3.475, 3.497, 3.434, 3.4, 3.302, 3.162, 3.099, 3.056, 3.539, 3.146, 3.016, 2.927, 2.622, 2.923, 2.959, 2.922, 2.818, 3.127, 3.153, 4.05, 3.766, 3.689, 0, 0, 0, 0, 0, 3.954, 3.406, 3.546, 3.433, 3.347, 3.5, 0, 0, 0, 0, 0, 0, 0, 0, 0, 0, 0, 0, 0, 0, 0, 0, 0, 0, 0, 0, 0, 0, 0, 0], [2.257, 0, 3.038, 3.53, 3.398, 2.0, 2.966, 2.185, 2.883, 0, 4.377, 4.023, 2.598, 3.038, 2.393, 2.675, 3.514, 0, 4.503, 4.015, 2.997, 2.853, 2.709, 3.064, 3.014, 2.761, 2.687, 2.942, 2.869, 3.146, 3.225, 3.306, 2.758, 3.564, 3.81, 0, 4.562, 3.886, 3.157, 3.265, 3.3, 3.146, 3.212, 3.065, 3.218, 3.03, 3.346, 3.39, 4.381, 3.552, 3.401, 3.92, 4.278, 0, 4.625, 4.05, 3.588, 3.734, 3.638, 3.697, 4.12, 3.577, 3.614, 3.103, 3.458, 3.191, 3.276, 3.029, 2.986, 3.453, 3.246, 3.221, 3.085, 2.861, 3.173, 2.801, 2.616, 2.881, 3.131, 3.939, 4.107, 3.798, 4.043, 0, 0, 0, 0, 0, 4.292, 3.469, 2.718, 3.351, 3.092, 3.094, 0, 0, 0, 0, 0, 0, 0, 0, 0, 0, 0, 0, 0, 0, 0, 0, 0, 0, 0, 0, 0, 0, 0, 0], [0, 0, 0, 0, 0, 0, 0, 0, 2.214, 0, 0, 0, 0, 0, 0, 0, 0, 0, 0, 0, 0, 0, 0, 0, 0, 0, 0, 0, 0, 0, 0, 0, 0, 0, 0, 3.449, 0, 0, 0, 0, 0, 0, 0, 0, 0, 0, 0, 0, 0, 0, 0, 0, 0, 0, 0, 0, 0, 0, 0, 0, 0, 0, 0, 0, 0, 0, 0, 0, 0, 0, 0, 0, 0, 0, 0, 0, 0, 0, 0, 0, 0, 0, 0, 0, 0, 0, 0, 0, 0, 0, 0, 0, 0, 0, 0, 0, 0, 0, 0, 0, 0, 0, 0, 0, 0, 0, 0, 0, 0, 0, 0, 0, 0, 0, 0, 0, 0, 0], [3.595, 0, 4.775, 4.231, 3.766, 4.244, 3.947, 3.979, 3.689, 0, 4.664, 4.596, 4.134, 4.148, 4.254, 4.41, 4.376, 0, 5.958, 4.888, 4.593, 4.514, 4.536, 4.217, 4.163, 4.332, 4.134, 4.182, 4.287, 4.532, 4.147, 4.074, 4.538, 4.313, 4.562, 0, 5.707, 5.04, 4.592, 4.534, 4.392, 4.182, 3.967, 4.198, 4.007, 4.212, 4.34, 4.587, 4.485, 4.52, 4.584, 4.629, 4.943, 0, 6.081, 5.242, 4.497, 4.778, 5.081, 4.521, 4.5, 4.568, 4.939, 4.463, 4.753, 4.536, 4.515, 4.543, 4.607, 5.107, 4.686, 4.02, 4.164, 3.957, 3.86, 4.021, 3.899, 3.898, 4.223, 4.452, 4.554, 4.517, 4.417, 0, 0, 0, 0, 0, 4.708, 4.318, 4.556, 4.648, 4.257, 4.967, 0, 0, 0, 0, 0, 0, 0, 0, 0, 0, 0, 0, 0, 0, 0, 0, 0, 0, 0, 0, 0, 0, 0, 0], [3.126, 0, 4.295, 3.901, 3.495, 3.49, 3.277, 3.328, 3.307, 0, 4.381, 4.283, 3.971, 3.925, 3.813, 3.66, 3.61, 0, 5.274, 4.524, 4.034, 4.21, 4.023, 4.013, 3.992, 3.906, 3.943, 3.933, 3.912, 3.947, 3.961, 3.939, 3.718, 3.575, 3.886, 0, 5.04, 5.202, 4.26, 4.208, 3.977, 3.894, 4.043, 3.834, 4.038, 3.885, 4.174, 4.123, 4.193, 4.067, 4.198, 4.068, 3.912, 0, 5.157, 5.146, 4.491, 4.304, 4.422, 4.487, 4.363, 4.335, 4.677, 4.197, 4.23, 4.272, 4.212, 4.346, 4.197, 4.652, 4.209, 4.046, 3.947, 3.919, 3.681, 3.705, 3.891, 3.8, 3.919, 4.141, 4.17, 4.47, 4.025, 0, 0, 0, 0, 0, 4.572, 4.189, 4.149, 4.167, 4.082, 4.213, 0, 0, 0, 0, 0, 0, 0, 0, 0, 0, 0, 0, 0, 0, 0, 0, 0, 0, 0, 0, 0, 0, 0, 0], [2.797, 0, 3.75, 3.535, 3.494, 3.108, 2.944, 2.779, 2.65, 0, 3.996, 3.788, 3.587, 3.468, 3.49, 3.162, 3.0, 0, 4.656, 4.324, 3.772, 3.686, 3.632, 3.566, 3.463, 3.495, 3.595, 3.555, 3.605, 3.68, 3.771, 3.64, 3.619, 3.16, 3.157, 0, 4.592, 4.26, 4.002, 3.674, 3.693, 3.556, 3.452, 3.41, 3.479, 3.602, 3.677, 3.715, 3.824, 3.765, 3.546, 3.627, 3.844, 0, 4.732, 4.441, 4.03, 3.966, 3.952, 3.924, 3.912, 3.996, 4.209, 3.854, 3.85, 3.741, 3.969, 3.988, 4.009, 4.144, 3.916, 3.85, 3.607, 3.435, 3.292, 3.404, 3.529, 3.661, 3.707, 3.663, 3.849, 3.85, 3.672, 0, 0, 0, 0, 0, 4.209, 3.825, 3.782, 3.783, 3.837, 3.861, 0, 0, 0, 0, 0, 0, 0, 0, 0, 0, 0, 0, 0, 0, 0, 0, 0, 0, 0, 0, 0, 0, 0, 0], [2.809, 0, 3.492, 3.288, 3.14, 2.588, 2.714, 2.552, 2.421, 0, 3.784, 3.409, 3.506, 3.212, 3.228, 2.967, 2.887, 0, 4.462, 4.118, 3.537, 3.538, 3.43, 3.407, 3.374, 3.339, 3.243, 3.345, 3.313, 3.418, 3.342, 3.289, 3.326, 3.094, 3.265, 0, 4.534, 4.208, 3.674, 3.561, 3.478, 3.488, 3.223, 3.323, 3.451, 3.516, 3.451, 3.476, 3.492, 3.536, 3.371, 3.52, 3.345, 0, 4.122, 4.288, 3.928, 3.854, 3.86, 3.965, 3.794, 3.909, 4.009, 3.653, 3.601, 3.854, 3.636, 3.597, 3.605, 3.821, 3.55, 3.444, 3.564, 3.459, 3.334, 3.407, 3.416, 3.404, 3.384, 3.351, 3.451, 3.559, 3.602, 0, 0, 0, 0, 0, 3.959, 3.754, 3.558, 3.509, 3.598, 3.705, 0, 0, 0, 0, 0, 0, 0, 0, 0, 0, 0, 0, 0, 0, 0, 0, 0, 0, 0, 0, 0, 0, 0, 0], [2.388, 0, 3.34, 3.212, 2.943, 2.341, 2.516, 2.514, 2.434, 0, 3.686, 3.317, 3.168, 3.007, 2.983, 2.989, 3.072, 0, 4.476, 4.005, 3.403, 3.398, 3.264, 3.209, 3.097, 3.248, 3.184, 3.225, 3.237, 3.299, 3.238, 3.06, 3.246, 3.091, 3.3, 0, 4.392, 3.977, 3.693, 3.478, 3.393, 3.229, 3.071, 3.113, 3.122, 3.233, 3.409, 3.238, 3.406, 3.337, 3.359, 3.315, 3.183, 0, 4.007, 4.047, 3.743, 3.766, 3.674, 3.7, 3.657, 3.644, 3.979, 3.637, 3.689, 3.567, 3.708, 3.584, 3.544, 3.817, 3.617, 3.435, 3.334, 3.232, 3.246, 3.074, 3.201, 3.181, 3.292, 3.393, 3.411, 3.529, 3.455, 0, 0, 0, 0, 0, 3.796, 3.625, 3.535, 3.42, 3.391, 3.447, 0, 0, 0, 0, 0, 0, 0, 0, 0, 0, 0, 0, 0, 0, 0, 0, 0, 0, 0, 0, 0, 0, 0, 0], [2.547, 0, 3.26, 3.135, 2.843, 2.358, 2.591, 2.539, 2.388, 0, 3.715, 3.373, 3.237, 3.107, 3.141, 2.731, 2.646, 0, 4.306, 3.77, 3.459, 3.317, 3.121, 3.167, 3.145, 3.18, 3.1, 3.13, 3.186, 3.156, 3.137, 3.208, 3.212, 2.884, 3.146, 0, 4.182, 3.894, 3.556, 3.488, 3.229, 3.244, 3.054, 3.099, 3.089, 3.122, 3.235, 3.294, 3.422, 3.491, 3.318, 3.18, 3.095, 0, 4.401, 4.056, 3.692, 3.849, 3.614, 3.641, 3.544, 3.531, 3.744, 3.549, 3.616, 3.569, 3.433, 3.448, 3.515, 3.617, 3.413, 3.458, 3.228, 3.197, 3.11, 3.084, 3.19, 3.118, 3.171, 3.582, 3.411, 3.429, 3.481, 0, 0, 0, 0, 0, 3.834, 3.632, 3.564, 3.433, 3.251, 3.46, 0, 0, 0, 0, 0, 0, 0, 0, 0, 0, 0, 0, 0, 0, 0, 0, 0, 0, 0, 0, 0, 0, 0, 0], [2.137, 0, 3.228, 3.092, 3.057, 2.576, 2.484, 2.476, 2.498, 0, 3.485, 3.279, 3.143, 3.018, 3.23, 2.743, 2.904, 0, 4.15, 3.57, 3.137, 2.961, 3.085, 3.1, 3.145, 3.126, 3.11, 3.103, 3.159, 3.104, 3.226, 3.178, 3.1, 2.887, 3.212, 0, 3.967, 4.043, 3.452, 3.223, 3.071, 3.054, 3.182, 3.085, 3.078, 3.108, 3.307, 3.334, 3.334, 3.383, 3.359, 3.334, 3.376, 0, 4.635, 3.965, 3.702, 3.643, 3.614, 3.578, 3.55, 3.541, 3.532, 3.491, 3.763, 3.409, 3.399, 3.569, 3.296, 3.734, 3.339, 3.097, 3.157, 3.043, 3.028, 3.05, 3.323, 3.104, 3.218, 3.368, 3.317, 3.496, 3.446, 0, 0, 0, 0, 0, 3.754, 3.618, 3.483, 3.272, 3.326, 3.391, 0, 0, 0, 0, 0, 0, 0, 0, 0, 0, 0, 0, 0, 0, 0, 0, 0, 0, 0, 0, 0, 0, 0, 0], [1.984, 0, 3.239, 3.117, 2.797, 2.413, 2.45, 2.395, 2.269, 0, 3.393, 3.234, 3.278, 2.98, 2.828, 2.826, 2.699, 0, 4.096, 3.611, 3.456, 3.181, 3.299, 3.298, 3.153, 3.106, 3.227, 3.225, 3.156, 3.073, 2.972, 3.013, 3.207, 2.971, 3.065, 0, 4.198, 3.834, 3.41, 3.323, 3.113, 3.099, 3.085, 3.436, 3.071, 3.123, 3.24, 3.429, 3.197, 3.084, 3.327, 3.466, 3.252, 0, 4.512, 3.979, 3.767, 3.861, 3.56, 3.732, 3.471, 3.498, 3.649, 3.498, 3.587, 3.318, 3.459, 3.323, 3.324, 3.511, 3.347, 3.279, 3.537, 3.192, 3.122, 3.139, 3.255, 3.146, 3.19, 3.2, 3.317, 3.41, 3.392, 0, 0, 0, 0, 0, 3.82, 3.711, 3.482, 3.477, 3.258, 3.526, 0, 0, 0, 0, 0, 0, 0, 0, 0, 0, 0, 0, 0, 0, 0, 0, 0, 0, 0, 0, 0, 0, 0, 0], [2.266, 0, 3.155, 3.115, 2.948, 2.588, 2.409, 2.9, 2.269, 0, 3.417, 3.262, 3.162, 2.896, 2.91, 2.76, 2.61, 0, 3.936, 3.677, 3.22, 3.178, 3.098, 3.201, 3.11, 3.097, 3.092, 3.015, 3.128, 3.039, 3.065, 2.957, 3.101, 2.792, 3.218, 0, 4.007, 4.038, 3.479, 3.451, 3.122, 3.089, 3.078, 3.071, 3.159, 3.101, 3.172, 3.264, 3.146, 3.161, 3.342, 3.43, 3.418, 0, 4.317, 4.025, 3.902, 3.897, 3.728, 3.865, 3.437, 3.559, 3.78, 3.693, 3.485, 3.466, 3.449, 3.489, 3.444, 3.641, 3.47, 3.108, 3.247, 3.228, 3.059, 3.038, 3.032, 3.048, 3.321, 3.265, 3.348, 3.33, 3.57, 0, 0, 0, 0, 0, 3.857, 3.473, 3.39, 3.397, 3.239, 3.396, 0, 0, 0, 0, 0, 0, 0, 0, 0, 0, 0, 0, 0, 0, 0, 0, 0, 0, 0, 0, 0, 0, 0, 0], [2.349, 0, 3.243, 3.215, 3.018, 2.616, 2.828, 2.696, 2.508, 0, 3.579, 3.451, 3.103, 3.135, 2.808, 2.915, 2.823, 0, 4.132, 3.683, 3.33, 3.168, 3.11, 3.225, 3.165, 3.117, 3.128, 3.087, 3.195, 3.074, 3.197, 3.25, 3.196, 2.814, 3.03, 0, 4.212, 3.885, 3.602, 3.516, 3.233, 3.122, 3.108, 3.123, 3.101, 3.318, 3.205, 3.342, 3.233, 3.393, 3.388, 3.494, 3.244, 0, 4.471, 4.101, 3.89, 3.842, 3.813, 3.835, 3.591, 3.673, 3.78, 3.624, 3.52, 3.383, 3.476, 3.571, 3.534, 3.74, 3.435, 3.265, 3.159, 3.121, 3.029, 3.069, 3.112, 3.109, 3.147, 3.27, 3.625, 3.574, 3.557, 0, 0, 0, 0, 0, 3.767, 3.475, 3.425, 3.53, 3.396, 3.315, 0, 0, 0, 0, 0, 0, 0, 0, 0, 0, 0, 0, 0, 0, 0, 0, 0, 0, 0, 0, 0, 0, 0, 0], [2.714, 0, 3.37, 3.221, 3.134, 2.684, 2.806, 3.039, 3.224, 0, 3.852, 3.45, 3.384, 3.182, 3.123, 3.173, 3.536, 0, 4.268, 3.921, 3.314, 3.261, 3.62, 3.263, 3.27, 3.207, 3.434, 3.171, 3.311, 3.335, 3.349, 3.438, 3.299, 3.164, 3.346, 0, 4.34, 4.174, 3.677, 3.451, 3.409, 3.235, 3.307, 3.24, 3.172, 3.205, 3.468, 3.317, 3.347, 3.534, 3.383, 3.53, 3.189, 0, 4.428, 4.084, 3.777, 3.691, 3.81, 3.921, 3.543, 3.626, 3.716, 3.817, 3.599, 3.536, 3.563, 3.573, 3.542, 3.87, 3.539, 3.362, 3.117, 3.225, 3.199, 3.179, 3.162, 3.224, 3.33, 3.453, 4.093, 3.686, 3.534, 0, 0, 0, 0, 0, 3.775, 3.588, 3.434, 3.394, 3.376, 3.476, 0, 0, 0, 0, 0, 0, 0, 0, 0, 0, 0, 0, 0, 0, 0, 0, 0, 0, 0, 0, 0, 0, 0, 0], [2.764, 0, 3.385, 3.512, 3.217, 3.22, 2.691, 3.124, 2.68, 0, 3.986, 3.441, 3.36, 3.438, 3.478, 3.109, 3.214, 0, 4.316, 3.972, 3.642, 3.4, 3.299, 3.347, 3.317, 3.359, 3.33, 3.345, 3.158, 3.391, 3.469, 3.341, 3.51, 3.259, 3.39, 0, 4.587, 4.123, 3.715, 3.476, 3.238, 3.294, 3.334, 3.429, 3.264, 3.342, 3.317, 3.562, 3.68, 3.744, 3.639, 3.59, 3.1, 0, 4.729, 4.107, 3.81, 3.837, 3.785, 3.787, 3.718, 3.876, 3.826, 3.763, 3.679, 3.576, 3.657, 3.646, 3.617, 3.835, 3.737, 3.551, 3.264, 3.25, 3.222, 3.305, 3.359, 3.262, 3.362, 3.604, 3.872, 3.804, 3.774, 0, 0, 0, 0, 0, 3.709, 3.915, 3.575, 3.411, 3.603, 3.624, 0, 0, 0, 0, 0, 0, 0, 0, 0, 0, 0, 0, 0, 0, 0, 0, 0, 0, 0, 0, 0, 0, 0, 0], [2.908, 0, 3.523, 3.324, 3.551, 2.996, 2.758, 2.733, 3.473, 0, 3.873, 3.468, 3.623, 3.497, 3.269, 3.752, 4.315, 0, 4.951, 3.986, 3.57, 3.383, 3.431, 3.371, 3.914, 3.2, 3.142, 3.303, 3.281, 3.575, 3.767, 3.537, 3.677, 3.451, 4.381, 0, 4.485, 4.193, 3.824, 3.492, 3.406, 3.422, 3.334, 3.197, 3.146, 3.233, 3.347, 3.68, 3.812, 3.88, 3.864, 4.144, 4.38, 0, 4.591, 4.426, 3.759, 3.922, 3.846, 3.832, 3.646, 3.814, 4.06, 3.841, 3.72, 3.736, 3.74, 3.743, 3.74, 3.908, 3.781, 3.402, 3.376, 3.291, 3.242, 3.218, 3.198, 3.458, 3.515, 3.713, 3.69, 3.964, 3.822, 0, 0, 0, 0, 0, 3.973, 3.794, 3.44, 3.557, 3.487, 3.581, 0, 0, 0, 0, 0, 0, 0, 0, 0, 0, 0, 0, 0, 0, 0, 0, 0, 0, 0, 0, 0, 0, 0, 0], [2.965, 0, 3.47, 3.35, 3.616, 2.928, 2.526, 2.79, 2.768, 0, 3.98, 3.582, 3.606, 3.599, 3.62, 3.378, 3.314, 0, 4.517, 3.96, 3.451, 3.276, 3.376, 3.542, 3.335, 3.19, 3.101, 3.09, 3.202, 3.448, 3.695, 3.642, 3.703, 3.431, 3.552, 0, 4.52, 4.067, 3.765, 3.536, 3.337, 3.491, 3.383, 3.084, 3.161, 3.393, 3.534, 3.744, 3.88, 3.639, 3.745, 3.858, 3.854, 0, 4.729, 4.168, 3.877, 3.844, 3.774, 3.749, 3.672, 3.646, 3.848, 3.719, 3.711, 3.712, 3.457, 3.494, 3.549, 3.872, 3.638, 3.475, 3.364, 3.345, 3.267, 3.361, 3.097, 3.33, 3.522, 3.725, 3.842, 3.885, 3.794, 0, 0, 0, 0, 0, 3.922, 3.818, 3.582, 3.584, 3.436, 3.506, 0, 0, 0, 0, 0, 0, 0, 0, 0, 0, 0, 0, 0, 0, 0, 0, 0, 0, 0, 0, 0, 0, 0, 0], [2.761, 0, 3.927, 3.437, 3.402, 3.08, 2.413, 2.767, 2.484, 0, 4.043, 3.612, 3.576, 3.659, 3.588, 3.166, 2.736, 0, 4.611, 3.932, 3.511, 3.279, 3.305, 3.411, 3.482, 3.19, 3.25, 3.294, 3.367, 3.548, 3.758, 3.612, 3.791, 3.379, 3.401, 0, 4.584, 4.198, 3.546, 3.371, 3.359, 3.318, 3.359, 3.327, 3.342, 3.388, 3.383, 3.639, 3.864, 3.745, 3.774, 3.702, 4.242, 0, 4.543, 4.383, 3.785, 3.748, 3.694, 3.753, 3.577, 3.757, 3.965, 3.615, 3.606, 3.576, 3.642, 3.585, 3.569, 3.718, 3.52, 3.338, 3.315, 3.292, 3.2, 3.353, 3.321, 3.313, 3.657, 3.723, 4.213, 3.778, 3.826, 0, 0, 0, 0, 0, 4.075, 3.774, 3.502, 3.553, 3.432, 3.428, 0, 0, 0, 0, 0, 0, 0, 0, 0, 0, 0, 0, 0, 0, 0, 0, 0, 0, 0, 0, 0, 0, 0, 0], [1.841, 0, 3.688, 3.506, 3.424, 3.204, 2.754, 2.684, 2.216, 0, 3.968, 3.604, 3.553, 3.539, 3.689, 3.204, 3.846, 0, 4.578, 3.889, 3.571, 3.402, 3.574, 3.414, 3.419, 3.497, 3.401, 3.23, 2.984, 3.547, 3.515, 3.89, 3.717, 3.425, 3.92, 0, 4.629, 4.068, 3.627, 3.52, 3.315, 3.18, 3.334, 3.466, 3.43, 3.494, 3.53, 3.59, 4.144, 3.858, 3.702, 4.363, 4.04, 0, 4.796, 4.141, 3.787, 3.828, 3.601, 3.619, 3.644, 3.669, 3.789, 3.676, 3.648, 3.507, 3.64, 3.621, 3.526, 3.817, 3.438, 3.453, 3.295, 2.787, 3.379, 3.467, 3.488, 3.596, 3.315, 3.76, 4.091, 4.141, 3.798, 0, 0, 0, 0, 0, 4.045, 3.68, 3.664, 3.553, 3.437, 3.548, 0, 0, 0, 0, 0, 0, 0, 0, 0, 0, 0, 0, 0, 0, 0, 0, 0, 0, 0, 0, 0, 0, 0, 0], [2.448, 0, 3.17, 2.899, 2.207, 3.252, 2.441, 2.036, 2.334, 0, 3.805, 4.439, 2.843, 2.489, 3.507, 4.001, 4.238, 0, 4.894, 3.647, 3.083, 3.18, 3.072, 3.167, 3.242, 2.98, 3.118, 3.057, 3